%%HP: T(3)A(R)F(.);
[[ 'DEMANDA' 0. 0. 0. 'CONSUMO' 0. 0. 0. 0. 0. ]
 [ 'NORMAL' 0. 'ULTRAPASSAGEM' 0. 'PONTA' 0. 0. 0. 'IRRIGACAO' 0. ]
 [ 'PONTA' 'F.P' 'PONTA' 'F.P' 'SECA' 'UMIDA' 'SECA' 'UMIDA' 'SECA' 'UMIDA' ]
 [ 13.89 2.19 41.67 6.57 .2976 .26476 .18035 .15926 0. 0. ]
 [ 25.91 6.5 77.73 19.51 .19029 .16968 .11522 .10204 0. 0. ]
 [ 25.91 6.5 77.73 19.51 .19029 .16968 .11522 .10204 .0128 .01134 ]
 [ 53.98 16.81 161.95 50.44 .35855 .32442 .19534 .17397 0. 0. ]
 [ 33.17 10.33 99.51 30.9 .22032 .19922 .12003 .1069 0. 0. ]
 [ 33.17 10.33 99.51 30.99 .22032 .19922 .12003 .1069 .01334 .01188 ]]
